Timestamp: 2025-03-28 16:04:48
Amplitude: 0.0, 9.848857801796104, 9.433981132056603, 8.602325267042627, 8.602325267042627, 7.810249675906654, 7.810249675906654, 7.810249675906654, 7.211102550927978, 8.06225774829855, 6.708203932499369, 7.280109889280518, 7.280109889280518, 8.06225774829855, 8.06225774829855, 10.04987562112089, 9.0, 10.04987562112089, 10.0, 11.0, 11.045361017187261, 11.0, 12.0, 12.0, 12.041594578792296, 13.038404810405298, 12.165525060596439, 0.0, 0.0, 0.0, 0.0, 0.0, 0.0, 0.0, 0.0, 0.0, 0.0, 0.0, 18.788294228055936, 18.384776310850235, 17.46424919657298, 19.313207915827967, 18.973665961010276, 19.6468827043885, 18.681541692269406, 18.439088914585774, 18.24828759089466, 18.110770276274835, 17.029386365926403, 16.1245154965971, 16.0312195418814, 15.132745950421556, 15.132745950421556, 14.035668847618199, 13.152946437965905, 13.152946437965905, 13.341664064126334, 12.649110640673518, 11.704699910719626, 12.649110640673518, 12.649110640673518, 10.770329614269007, 11.704699910719626, 10.770329614269007
Phase: -0.5974, -0.1801, -0.0407, 0.0200, 0.0190, 0.0926, 0.0916, 0.2720, 0.3777, 0.4456, 0.5002, 0.6846, 0.6836, 0.8366, 0.8356, 0.8593, 0.9581, 0.8574, 0.9561, 0.9552, 1.0449, 0.9532, 0.9523, 0.9513, 0.8672, 0.8726, 0.7833, -0.6233, -0.6243, -0.6252, -0.6262, -0.6272, -0.6281, -0.6291, -0.6300, -0.6310, -0.6320, -0.6329, -0.1940, -0.2442, -0.2234, -0.2659, -0.3160, -0.3814, -0.3687, -0.4219, -0.4764, -0.5319, -0.5847, -0.5201, -0.5830, -0.5138, -0.5148, -0.5770, -0.4966, -0.4976, -0.4244, -0.3304, -0.3043, -0.3323, -0.3333, -0.2755, -0.3082, -0.2774

Timestamp: 2025-03-28 16:04:48
Amplitude: 0.0, 12.529964086141668, 13.601470508735444, 13.45362404707371, 14.866068747318506, 15.620499351813308, 16.278820596099706, 17.69180601295413, 18.384776310850235, 16.97056274847714, 16.97056274847714, 16.278820596099706, 14.866068747318506, 14.142135623730951, 12.727922061357855, 10.63014581273465, 10.0, 9.848857801796104, 10.44030650891055, 10.198039027185569, 12.165525060596439, 13.152946437965905, 13.341664064126334, 14.560219778561036, 13.601470508735444, 13.416407864998739, 12.529964086141668, 0.0, 0.0, 0.0, 0.0, 0.0, 0.0, 0.0, 0.0, 0.0, 0.0, 0.0, 9.055385138137417, 10.04987562112089, 11.045361017187261, 11.180339887498949, 11.40175425099138, 11.704699910719626, 11.180339887498949, 11.180339887498949, 8.94427190999916, 8.94427190999916, 7.280109889280518, 8.06225774829855, 8.06225774829855, 9.219544457292887, 11.40175425099138, 12.649110640673518, 13.601470508735444, 15.811388300841896, 16.492422502470642, 17.26267650163207, 18.24828759089466, 18.110770276274835, 17.11724276862369, 16.1245154965971, 14.317821063276353, 13.341664064126334
Phase: -1.6667, 0.3989, 0.5238, 0.6233, 0.7189, 0.7574, 0.7057, 0.6977, 0.6531, 0.6486, 0.6440, 0.5961, 0.5874, 0.6304, 0.6259, 0.6879, 0.7587, 0.9794, 1.1017, 1.1912, 1.2189, 1.2268, 1.1482, 1.0921, 1.0674, 0.8977, 0.8574, -1.7893, -1.7939, -1.7984, -1.8030, -1.8075, -1.8121, -1.8166, -1.8211, -1.8257, -1.8302, -1.8348, -0.1578, -0.1734, -0.3682, -0.4620, -0.5529, -0.6400, -0.7594, -0.7639, -0.7685, -0.7730, -0.5922, -0.4428, -0.1986, -0.1089, -0.0658, -0.0149, -0.0427, -0.0240, -0.1053, -0.1801, -0.1942, -0.2532, -0.2513, -0.2486, -0.1664, -0.1552

Timestamp: 2025-03-28 16:04:48
Amplitude: 0.0, 12.727922061357855, 12.206555615733702, 13.038404810405298, 14.317821063276353, 15.231546211727817, 16.55294535724685, 16.55294535724685, 17.0, 17.4928556845359, 16.1245154965971, 15.264337522473747, 13.892443989449804, 13.038404810405298, 11.661903789690601, 9.848857801796104, 9.486832980505138, 9.055385138137417, 9.0, 10.04987562112089, 12.041594578792296, 12.041594578792296, 13.038404810405298, 13.0, 13.038404810405298, 12.165525060596439, 12.36931687685298, 0.0, 0.0, 0.0, 0.0, 0.0, 0.0, 0.0, 0.0, 0.0, 0.0, 0.0, 8.06225774829855, 9.848857801796104, 10.44030650891055, 11.180339887498949, 12.041594578792296, 12.041594578792296, 11.045361017187261, 11.045361017187261, 10.04987562112089, 9.055385138137417, 8.0, 8.246211251235321, 8.54400374531753, 9.433981132056603, 10.0, 11.40175425099138, 13.601470508735444, 15.0, 16.64331697709324, 16.64331697709324, 17.4928556845359, 17.0, 16.55294535724685, 15.652475842498529, 14.7648230602334, 13.892443989449804
Phase: -0.6496, 0.1344, 0.3078, 0.3504, 0.4834, 0.5096, 0.4765, 0.4752, 0.4205, 0.3688, 0.3887, 0.3548, 0.3771, 0.3371, 0.3621, 0.4829, 0.5781, 0.7878, 0.8972, 0.9955, 0.9776, 0.9763, 0.9686, 0.8905, 0.8124, 0.7227, 0.6415, -0.6856, -0.6870, -0.6883, -0.6896, -0.6910, -0.6923, -0.6936, -0.6950, -0.6963, -0.6976, -0.6990, -0.1812, -0.2834, -0.4115, -0.5245, -0.6225, -0.6238, -0.7990, -0.8003, -0.8107, -0.8230, -0.7137, -0.4700, -0.3575, -0.1591, -0.0755, -0.0593, -0.0929, -0.0795, -0.1530, -0.1543, -0.1866, -0.2384, -0.2930, -0.2673, -0.2384, -0.2056

Timestamp: 2025-03-28 16:04:48
Amplitude: 0.0, 13.038404810405298, 13.038404810405298, 13.038404810405298, 12.041594578792296, 12.0, 12.0, 11.0, 11.0, 11.0, 11.0, 11.045361017187261, 11.045361017187261, 11.045361017187261, 11.180339887498949, 10.198039027185569, 11.180339887498949, 11.180339887498949, 11.180339887498949, 11.045361017187261, 11.180339887498949, 11.180339887498949, 10.44030650891055, 11.180339887498949, 10.04987562112089, 10.0, 10.0, 0.0, 0.0, 0.0, 0.0, 0.0, 0.0, 0.0, 0.0, 0.0, 0.0, 0.0, 13.038404810405298, 14.035668847618199, 15.033296378372908, 15.0, 14.035668847618199, 15.033296378372908, 15.033296378372908, 14.142135623730951, 15.132745950421556, 14.142135623730951, 14.317821063276353, 14.317821063276353, 14.317821063276353, 14.317821063276353, 14.142135623730951, 13.152946437965905, 13.152946437965905, 13.152946437965905, 13.152946437965905, 13.152946437965905, 13.038404810405298, 13.038404810405298, 13.038404810405298, 13.038404810405298, 14.035668847618199, 13.038404810405298
Phase: -0.0056, -0.0821, -0.0819, -0.0818, -0.0879, -0.0046, -0.0044, -0.0042, -0.0040, -0.0038, -0.0036, 0.0872, 0.0874, 0.0876, 0.1770, 0.1947, 0.1774, 0.1776, 0.1778, 0.0888, 0.1782, 0.1784, 1.2780, 0.1788, 0.0988, -0.0007, -0.0005, -0.0003, -0.0001, 0.0001, 0.0003, 0.0004, 0.0006, 0.0008, 0.0010, 0.0012, 0.0014, 0.0016, 0.0786, 0.0733, 0.0688, 0.0024, -0.0687, -0.0638, -0.0636, -0.1387, -0.1292, -0.1383, -0.2073, -0.2072, -0.2070, -0.2068, -0.1374, -0.1479, -0.1477, -0.1475, -0.1474, -0.1472, -0.0711, -0.0709, -0.0707, -0.0705, -0.0648, -0.0701

Timestamp: 2025-03-28 16:04:48
Amplitude: 0.0, 14.035668847618199, 15.033296378372908, 15.033296378372908, 14.035668847618199, 15.033296378372908, 15.033296378372908, 15.033296378372908, 14.142135623730951, 14.142135623730951, 14.142135623730951, 14.142135623730951, 15.132745950421556, 14.142135623730951, 15.132745950421556, 14.142135623730951, 15.132745950421556, 15.132745950421556, 15.132745950421556, 15.132745950421556, 14.035668847618199, 13.0, 13.0, 15.033296378372908, 12.041594578792296, 14.035668847618199, 14.035668847618199, 0.0, 0.0, 0.0, 0.0, 0.0, 0.0, 0.0, 0.0, 0.0, 0.0, 0.0, 11.045361017187261, 11.045361017187261, 11.045361017187261, 11.180339887498949, 11.180339887498949, 11.045361017187261, 11.180339887498949, 11.180339887498949, 11.180339887498949, 11.180339887498949, 11.180339887498949, 12.041594578792296, 11.045361017187261, 12.041594578792296, 12.041594578792296, 12.041594578792296, 12.0, 12.0, 12.0, 13.0, 13.038404810405298, 13.038404810405298, 13.038404810405298, 14.035668847618199, 14.035668847618199, 14.142135623730951
Phase: -1.2752, 0.3625, 0.3535, 0.3491, 0.3496, 0.3405, 0.3362, 0.3318, 0.4028, 0.3985, 0.3942, 0.3899, 0.3762, 0.3812, 0.3675, 0.3726, 0.3589, 0.3546, 0.3502, 0.3459, 0.2803, 0.2047, 0.2004, 0.1295, 0.1086, 0.1161, 0.1118, -1.3921, -1.3964, -1.4007, -1.4050, -1.4094, -1.4137, -1.4180, -1.4223, -1.4267, -1.4310, -1.4353, 0.0405, 0.0362, 0.0318, -0.0617, -0.0660, 0.0189, -0.0747, -0.0790, -0.0833, -0.0876, -0.0920, 0.0004, -0.0114, -0.0082, -0.0126, -0.0169, 0.0619, 0.0576, 0.0533, 0.0489, 0.1214, 0.1171, 0.1127, 0.1029, 0.0986, 0.1649

Timestamp: 2025-03-28 16:04:48
Amplitude: 0.0, 22.80350850198276, 20.396078054371138, 18.24828759089466, 16.278820596099706, 13.0, 11.045361017187261, 8.06225774829855, 7.211102550927978, 9.219544457292887, 11.180339887498949, 13.601470508735444, 16.15549442140351, 17.46424919657298, 17.46424919657298, 17.88854381999832, 17.0, 15.652475842498529, 13.038404810405298, 10.0, 6.4031242374328485, 2.23606797749979, 2.23606797749979, 6.082762530298219, 8.54400374531753, 11.704699910719626, 13.601470508735444, 0.0, 0.0, 0.0, 0.0, 0.0, 0.0, 0.0, 0.0, 0.0, 0.0, 0.0, 15.132745950421556, 12.649110640673518, 11.180339887498949, 7.810249675906654, 6.324555320336759, 6.324555320336759, 9.219544457292887, 13.038404810405298, 15.652475842498529, 18.027756377319946, 19.924858845171276, 20.615528128088304, 21.37755832643195, 21.37755832643195, 19.1049731745428, 17.029386365926403, 14.035668847618199, 10.04987562112089, 6.082762530298219, 2.23606797749979, 2.23606797749979, 6.708203932499369, 10.44030650891055, 14.560219778561036, 16.76305461424021, 18.973665961010276
Phase: 4.9402, 3.6547, 3.6049, 3.5917, 3.6309, 3.4646, 3.3929, 2.9835, 2.5389, 2.1886, 1.8091, 1.7094, 1.6465, 1.6336, 1.6526, 1.6204, 1.6131, 1.6585, 1.5744, 1.5167, 1.5045, 1.0911, -0.4607, -1.0705, -1.2451, -1.2160, -1.1467, -0.8292, -0.8102, -0.7911, -0.7721, -0.7531, -0.7341, -0.7150, -0.6960, -0.6770, -0.6579, -0.6389, -2.0581, -1.8499, -1.6890, -1.4389, -0.8655, -0.2030, 0.2029, 0.5174, 0.6395, 0.7829, 0.8353, 0.9152, 0.9910, 1.0101, 1.1124, 1.1776, 1.1841, 1.1747, 1.1283, 0.8488, -1.3465, -1.3274, -1.4806, -1.4747, -1.4311, -1.3932

Timestamp: 2025-03-28 16:04:48
Amplitude: 0.0, 13.0, 13.0, 12.083045973594572, 12.649110640673518, 11.704699910719626, 11.704699910719626, 11.704699910719626, 11.40175425099138, 11.40175425099138, 11.180339887498949, 11.180339887498949, 11.180339887498949, 11.180339887498949, 11.180339887498949, 11.045361017187261, 11.045361017187261, 11.045361017187261, 11.045361017187261, 11.045361017187261, 11.045361017187261, 11.045361017187261, 11.180339887498949, 11.180339887498949, 10.198039027185569, 10.198039027185569, 10.198039027185569, 0.0, 0.0, 0.0, 0.0, 0.0, 0.0, 0.0, 0.0, 0.0, 0.0, 0.0, 13.601470508735444, 13.601470508735444, 14.866068747318506, 13.92838827718412, 14.317821063276353, 15.231546211727817, 14.317821063276353, 14.7648230602334, 14.7648230602334, 14.7648230602334, 14.7648230602334, 13.892443989449804, 13.892443989449804, 13.892443989449804, 13.892443989449804, 13.416407864998739, 13.416407864998739, 13.416407864998739, 13.416407864998739, 13.416407864998739, 13.416407864998739, 13.416407864998739, 13.0, 13.0, 13.416407864998739, 13.0
Phase: -1.0055, 0.1676, 0.1646, 0.1298, 0.2317, 0.2017, 0.1987, 0.1958, 0.2753, 0.2723, 0.3558, 0.3528, 0.3498, 0.3469, 0.3439, 0.4301, 0.4271, 0.4242, 0.4212, 0.4182, 0.4153, 0.4123, 0.3201, 0.3171, 0.2966, 0.2937, 0.2907, -1.0857, -1.0887, -1.0916, -1.0946, -1.0976, -1.1005, -1.1035, -1.1065, -1.1094, -1.1124, -1.1154, 0.1539, 0.1510, 0.1035, 0.0763, 0.0081, 0.0327, 0.0022, -0.0623, -0.0653, -0.0682, -0.0712, -0.1083, -0.1113, -0.1143, -0.1172, -0.0558, -0.0587, -0.0617, -0.0647, -0.0677, -0.0706, -0.0736, -0.0077, -0.0107, -0.0825, -0.0166

Timestamp: 2025-03-28 16:04:48
Amplitude: 0.0, 11.0, 9.0, 9.0, 8.06225774829855, 8.246211251235321, 7.615773105863909, 7.280109889280518, 7.615773105863909, 6.708203932499369, 6.4031242374328485, 5.656854249492381, 6.4031242374328485, 6.4031242374328485, 6.708203932499369, 8.06225774829855, 7.280109889280518, 7.615773105863909, 8.246211251235321, 9.486832980505138, 9.219544457292887, 9.219544457292887, 10.44030650891055, 9.486832980505138, 10.770329614269007, 10.770329614269007, 10.44030650891055, 0.0, 0.0, 0.0, 0.0, 0.0, 0.0, 0.0, 0.0, 0.0, 0.0, 0.0, 18.027756377319946, 18.0, 18.0, 18.027756377319946, 19.1049731745428, 18.110770276274835, 18.24828759089466, 19.4164878389476, 18.439088914585774, 18.439088914585774, 16.76305461424021, 17.46424919657298, 16.76305461424021, 15.811388300841896, 15.524174696260024, 14.560219778561036, 13.601470508735444, 13.341664064126334, 13.341664064126334, 13.152946437965905, 12.36931687685298, 13.152946437965905, 13.152946437965905, 12.0, 12.041594578792296, 11.0
Phase: -0.2698, -0.2698, -0.2698, -0.2698, -0.1454, -0.0248, 0.1351, 0.0085, 0.1351, 0.1939, 0.4050, 0.5156, 0.6263, 0.6263, 0.8374, 0.7819, 1.0227, 0.8961, 1.0560, 0.9793, 1.0823, 1.0823, 1.0095, 0.9793, 0.9205, 0.9205, 1.0095, -0.2698, -0.2698, -0.2698, -0.2698, -0.2698, -0.2698, -0.2698, -0.2698, -0.2698, -0.2698, -0.2698, -0.2143, -0.2698, -0.2698, -0.3253, -0.3747, -0.3804, -0.4349, -0.4773, -0.4885, -0.4885, -0.5727, -0.5009, -0.5727, -0.5915, -0.5304, -0.5481, -0.5683, -0.4966, -0.4966, -0.4224, -0.5148, -0.4224, -0.4224, -0.2698, -0.3529, -0.2698

Timestamp: 2025-03-28 16:04:48
Amplitude: 0.0, 14.142135623730951, 14.142135623730951, 14.142135623730951, 13.152946437965905, 13.038404810405298, 13.038404810405298, 13.038404810405298, 12.0, 12.0, 12.0, 12.0, 12.041594578792296, 12.041594578792296, 12.041594578792296, 12.041594578792296, 12.041594578792296, 12.165525060596439, 12.041594578792296, 12.041594578792296, 12.041594578792296, 12.041594578792296, 12.041594578792296, 12.041594578792296, 12.041594578792296, 11.0, 11.0, 0.0, 0.0, 0.0, 0.0, 0.0, 0.0, 0.0, 0.0, 0.0, 0.0, 0.0, 15.0, 15.0, 15.033296378372908, 16.0312195418814, 15.132745950421556, 16.278820596099706, 15.297058540778355, 16.278820596099706, 15.524174696260024, 15.297058540778355, 15.524174696260024, 15.524174696260024, 14.560219778561036, 14.317821063276353, 15.297058540778355, 14.317821063276353, 14.317821063276353, 14.317821063276353, 14.317821063276353, 14.317821063276353, 14.142135623730951, 14.142135623730951, 14.142135623730951, 14.142135623730951, 14.142135623730951, 14.142135623730951
Phase: -2.4812, 0.5109, 0.5034, 0.4958, 0.4774, 0.5457, 0.5382, 0.5306, 0.5998, 0.5922, 0.5846, 0.5770, 0.6526, 0.6450, 0.6375, 0.6299, 0.6223, 0.6967, 0.6071, 0.5996, 0.5920, 0.5844, 0.5768, 0.5693, 0.5617, 0.4710, 0.4634, -2.6858, -2.6934, -2.7010, -2.7085, -2.7161, -2.7237, -2.7313, -2.7388, -2.7464, -2.7540, -2.7616, 0.3724, 0.3649, 0.2907, 0.2873, 0.2096, 0.1492, 0.1296, 0.1340, 0.0512, 0.1068, 0.0361, 0.0285, 0.0032, 0.0628, 0.0690, 0.0477, 0.0401, 0.0325, 0.0249, 0.0174, 0.0790, 0.0714, 0.0638, 0.0562, 0.0487, 0.0411

Timestamp: 2025-03-28 16:04:48
Amplitude: 0.0, 20.248456731316587, 18.384776310850235, 16.76305461424021, 14.560219778561036, 12.36931687685298, 10.0, 6.708203932499369, 5.656854249492381, 7.0, 10.04987562112089, 11.40175425099138, 13.601470508735444, 15.811388300841896, 17.08800749063506, 17.0, 15.652475842498529, 13.892443989449804, 11.661903789690601, 9.433981132056603, 6.4031242374328485, 3.1622776601683795, 4.242640687119285, 6.324555320336759, 9.0, 11.0, 14.035668847618199, 0.0, 0.0, 0.0, 0.0, 0.0, 0.0, 0.0, 0.0, 0.0, 0.0, 0.0, 13.601470508735444, 10.770329614269007, 9.433981132056603, 7.810249675906654, 6.082762530298219, 7.615773105863909, 9.899494936611665, 12.529964086141668, 15.652475842498529, 18.027756377319946, 18.681541692269406, 20.396078054371138, 21.37755832643195, 20.09975124224178, 20.024984394500787, 17.11724276862369, 14.035668847618199, 11.045361017187261, 7.0710678118654755, 3.605551275463989, 2.0, 5.656854249492381, 8.94427190999916, 13.416407864998739, 15.652475842498529, 18.35755975068582
Phase: 2.3089, 4.2433, 4.2915, 4.2144, 4.2004, 4.1777, 3.9433, 3.4903, 3.1792, 2.4044, 2.3153, 2.1593, 2.1377, 2.1251, 2.0986, 1.9781, 2.0150, 1.9612, 1.9594, 1.9519, 1.6250, 1.2826, 0.1861, -0.2669, -0.5781, -0.5675, -0.6282, -3.6878, -3.6772, -3.6666, -3.6560, -3.6454, -3.6348, -3.6242, -3.6136, -3.6030, -3.5923, -3.5817, -1.7018, -1.6092, -1.4205, -1.0924, -0.5522, 0.0284, 0.4195, 0.7162, 0.7625, 0.8975, 0.9764, 1.0606, 1.0804, 1.1795, 1.2399, 1.1833, 1.2397, 1.2310, 1.1904, 0.7549, -0.2173, -0.9921, -1.3032, -1.2926, -1.2820, -1.2227
