Timestamp: 00:16:33:808
CSI Data: 28 -64 1 0 0 -30 0 -30 -1 -29 -1 -28 -2 -28 -2 -28 -3 -28 -4 -27 -6 -27 -7 -27 -7 -27 -8 -28 -7 -28 -6 -28 -5 -28 -5 -28 -4 -27 -3 -27 -2 -26 -1 -25 0 -24 0 -23 1 -23 2 -22 4 -21 1 -6 0 0 0 0 0 0 0 0 0 0 0 0 0 0 0 0 0 0 0 -6 1 -21 2 -21 3 -22 4 -22 5 -22 6 -22 7 -23 8 -23 9 -24 9 -24 8 -24 8 -25 8 -24 9 -24 9 -24 8 -24 7 -24 7 -23 6 -24 5 -25 5 -26 4 -27 2 -28 1 -29 0 -30 -1 -30 

Timestamp: 00:16:33:863
CSI Data: 28 -64 1 0 17 11 18 10 18 10 18 9 17 9 17 8 17 9 17 8 18 7 19 6 19 6 19 5 19 6 19 6 19 7 19 7 19 8 18 9 16 9 15 9 14 9 13 9 13 9 12 10 11 10 2 2 0 0 0 0 0 0 0 0 0 0 0 0 0 0 0 0 0 0 3 1 13 7 12 8 12 9 13 10 13 10 12 12 11 13 11 13 11 14 12 14 12 14 12 14 12 14 12 15 12 14 12 14 12 13 12 13 13 12 14 12 15 12 16 11 17 11 18 11 19 11 19 11 

Timestamp: 00:16:33:909
CSI Data: 28 -64 1 0 -22 -20 -22 -20 -22 -19 -22 -19 -22 -18 -22 -17 -23 -16 -23 -15 -24 -15 -25 -14 -24 -14 -24 -14 -25 -14 -25 -15 -25 -15 -24 -15 -23 -16 -22 -17 -21 -16 -20 -17 -18 -17 -16 -17 -16 -17 -14 -17 -13 -18 -4 -5 0 0 0 0 0 0 0 0 0 0 0 0 0 0 0 0 0 0 -4 -4 -14 -15 -14 -16 -14 -17 -14 -18 -13 -19 -12 -20 -12 -21 -12 -22 -11 -23 -11 -23 -11 -24 -11 -24 -11 -23 -11 -23 -11 -23 -12 -23 -12 -22 -13 -21 -14 -21 -15 -21 -16 -21 -17 -21 -18 -21 -20 -21 -22 -21 -22 -21 

Timestamp: 00:16:33:962
CSI Data: 28 -64 1 0 29 -1 28 -2 28 -2 28 -2 27 -3 27 -4 26 -4 25 -5 26 -6 26 -8 26 -8 25 -8 26 -7 27 -6 27 -6 27 -6 27 -4 26 -3 25 -2 24 -1 23 0 22 0 22 1 21 2 20 4 5 1 0 0 0 0 0 0 0 0 0 0 0 0 0 0 0 0 0 0 4 -1 20 -1 20 0 21 0 22 1 22 2 23 4 23 5 23 6 23 7 24 7 24 7 24 7 24 7 24 7 24 7 24 7 23 6 23 5 24 4 25 4 25 3 26 2 27 1 28 0 30 -1 30 -2 

Timestamp: 00:16:34:010
CSI Data: 28 -64 1 0 -30 9 -29 9 -28 9 -28 9 -27 9 -27 10 -26 11 -25 11 -25 13 -25 14 -24 14 -24 15 -25 15 -25 14 -26 14 -26 13 -26 12 -26 10 -25 8 -25 7 -23 6 -23 6 -23 5 -22 3 -22 1 -6 0 0 0 0 0 0 0 0 0 0 0 0 0 0 0 0 0 0 0 -5 1 -20 5 -21 4 -22 4 -23 3 -23 2 -24 1 -25 0 -25 -1 -26 -2 -26 -2 -27 -2 -27 -1 -27 -2 -27 -2 -27 -2 -26 -1 -26 0 -26 1 -26 1 -27 2 -27 3 -27 4 -28 5 -29 7 -29 9 -29 9 

Timestamp: 00:16:34:062
CSI Data: 28 -64 1 0 24 17 24 17 24 16 24 15 24 14 24 13 24 13 24 12 25 11 26 10 26 9 25 9 26 10 26 11 26 11 26 11 25 12 24 13 22 13 21 13 19 13 18 13 17 14 16 14 15 15 3 3 0 0 0 0 0 0 0 0 0 0 0 0 0 0 0 0 0 0 4 2 17 12 17 13 17 14 17 15 17 16 16 18 16 19 15 20 15 21 15 21 16 22 16 22 16 22 15 21 15 21 15 21 16 20 16 19 17 19 18 19 19 18 20 18 22 18 23 18 25 17 26 17 

Timestamp: 00:16:34:110
CSI Data: 28 -64 1 0 12 -19 11 -19 11 -19 11 -18 11 -18 10 -18 9 -18 8 -18 7 -19 6 -20 5 -20 5 -20 6 -20 7 -20 7 -20 7 -20 8 -19 9 -18 9 -17 10 -16 10 -15 9 -14 9 -14 9 -13 10 -12 2 -3 0 0 0 0 0 0 0 0 0 0 0 0 0 0 0 0 0 0 1 -4 8 -14 9 -14 10 -14 10 -14 11 -13 13 -13 14 -13 15 -12 15 -12 15 -12 15 -13 15 -14 15 -13 15 -13 15 -13 15 -13 14 -13 14 -13 14 -14 14 -14 14 -15 13 -16 13 -17 12 -19 12 -20 12 -20 

Timestamp: 00:16:34:161
CSI Data: 28 -64 1 0 21 4 20 4 20 4 20 4 20 3 19 2 19 2 19 1 20 0 20 -1 20 -1 20 -1 20 -1 20 -1 20 0 20 0 20 0 19 1 18 1 17 2 16 3 16 3 15 3 15 4 14 5 3 1 0 0 0 0 0 0 0 0 0 0 0 0 0 0 0 0 0 0 3 1 15 4 15 5 15 5 16 6 16 7 16 9 16 9 16 10 16 11 16 11 16 11 16 12 16 12 16 11 16 12 16 11 16 10 16 9 17 9 18 8 18 7 19 7 20 7 21 6 22 6 21 5 

Timestamp: 00:16:34:371
CSI Data: 28 -64 1 0 6 21 6 21 7 20 6 19 7 19 7 18 7 18 8 17 9 17 10 17 10 17 10 17 10 17 10 18 9 18 9 18 8 18 7 18 6 17 5 16 4 16 3 15 3 15 2 15 1 15 0 3 0 0 0 0 0 0 0 0 0 0 0 0 0 0 0 0 0 0 1 3 5 14 5 15 4 15 4 16 3 16 2 17 1 18 1 19 0 19 0 19 0 20 0 20 0 20 -1 19 0 19 0 19 1 19 1 19 2 19 2 19 3 19 3 20 4 21 5 21 7 21 7 21 

Timestamp: 00:16:34:469
CSI Data: 28 -64 1 0 23 -18 23 -18 22 -18 22 -18 21 -18 20 -19 19 -19 18 -19 18 -20 18 -21 17 -21 17 -21 17 -21 18 -21 19 -21 19 -20 20 -19 20 -18 19 -16 19 -15 18 -13 18 -12 18 -11 18 -10 19 -8 4 -2 0 0 0 0 0 0 0 0 0 0 0 0 0 0 0 0 0 0 3 -4 15 -13 16 -13 17 -13 18 -12 19 -12 20 -11 21 -11 22 -10 23 -9 23 -9 24 -9 24 -9 24 -9 24 -8 24 -9 23 -9 23 -10 22 -10 23 -12 23 -12 23 -13 23 -14 23 -15 24 -17 24 -18 24 -19 

Timestamp: 00:16:34:625
CSI Data: 28 -64 1 0 10 -28 9 -28 8 -27 8 -27 8 -27 7 -27 6 -26 5 -26 3 -26 2 -27 2 -27 1 -28 2 -28 3 -28 4 -27 3 -27 5 -27 6 -26 7 -24 7 -23 8 -21 7 -20 7 -20 8 -19 10 -18 2 -5 0 0 0 0 0 0 0 0 0 0 0 0 0 0 0 0 0 0 1 -5 6 -19 7 -20 8 -20 9 -20 10 -20 12 -20 13 -20 14 -20 15 -20 15 -20 14 -21 15 -22 15 -21 16 -21 15 -21 15 -21 14 -21 13 -21 13 -22 13 -23 13 -24 12 -24 11 -25 10 -27 9 -29 9 -30 

Timestamp: 00:16:34:676
CSI Data: 28 -64 1 0 28 -9 27 -9 26 -9 26 -9 26 -10 25 -11 24 -11 23 -12 23 -12 23 -13 23 -14 23 -14 23 -14 24 -14 24 -13 24 -13 24 -12 24 -11 23 -9 22 -8 21 -7 20 -6 20 -5 20 -3 20 -2 5 -1 0 0 0 0 0 0 0 0 0 0 0 0 0 0 0 0 0 0 4 -2 18 -6 19 -5 20 -5 21 -4 22 -3 23 -2 24 -2 24 -1 24 0 25 1 25 1 26 1 26 1 26 2 25 1 25 0 24 -1 24 -1 25 -2 26 -3 26 -4 26 -5 27 -6 28 -7 29 -8 29 -9 

Timestamp: 00:16:34:724
CSI Data: 28 -64 1 0 -20 -13 -19 -13 -19 -12 -20 -11 -20 -10 -19 -10 -19 -10 -19 -9 -20 -8 -20 -7 -19 -7 -19 -6 -20 -6 -20 -7 -20 -7 -20 -7 -19 -8 -18 -8 -17 -9 -16 -9 -15 -9 -14 -9 -14 -9 -13 -10 -12 -11 -3 -3 0 0 0 0 0 0 0 0 0 0 0 0 0 0 0 0 0 0 -4 -2 -14 -9 -14 -9 -14 -10 -15 -11 -14 -12 -14 -13 -14 -14 -13 -14 -13 -15 -13 -16 -14 -16 -14 -16 -13 -16 -12 -16 -13 -16 -13 -15 -14 -14 -14 -14 -14 -14 -15 -14 -16 -14 -17 -13 -17 -14 -18 -13 -19 -12 -19 -12 

Timestamp: 00:16:34:775
CSI Data: 28 -64 1 0 27 10 27 10 27 9 26 9 26 9 26 8 25 7 25 6 26 5 27 4 26 3 26 3 26 4 27 5 27 5 26 5 26 7 24 8 23 8 21 9 20 9 19 9 18 9 17 10 16 11 4 3 0 0 0 0 0 0 0 0 0 0 0 0 0 0 0 0 0 0 4 1 19 5 19 6 20 7 20 8 20 9 20 11 20 13 20 14 20 15 20 15 21 15 21 16 20 16 20 16 20 16 20 15 20 14 20 13 21 13 22 13 23 13 24 12 25 12 27 11 28 10 29 10 

Timestamp: 00:16:34:827
CSI Data: 28 -64 1 0 -10 14 -9 14 -9 13 -9 12 -9 12 -9 12 -8 12 -7 12 -7 13 -6 14 -5 13 -6 13 -6 13 -6 13 -7 13 -7 13 -7 13 -8 11 -8 10 -8 10 -8 9 -8 9 -8 8 -8 8 -9 7 -3 1 0 0 0 0 0 0 0 0 0 0 0 0 0 0 0 0 0 0 -2 2 -6 9 -7 9 -7 9 -8 9 -9 9 -10 9 -11 9 -11 9 -12 9 -12 9 -12 9 -12 9 -12 8 -12 8 -12 9 -12 9 -11 9 -11 9 -11 10 -11 10 -11 11 -11 11 -10 11 -10 12 -10 13 -10 13 

Timestamp: 00:16:34:877
CSI Data: 28 -64 1 0 -24 -6 -23 -7 -23 -6 -23 -6 -22 -5 -21 -5 -21 -4 -20 -3 -21 -2 -22 -2 -21 -1 -21 -1 -22 -1 -22 -1 -22 -2 -22 -2 -21 -3 -20 -3 -19 -4 -18 -4 -17 -5 -16 -5 -16 -5 -15 -6 -15 -7 -4 -2 0 0 0 0 0 0 0 0 0 0 0 0 0 0 0 0 0 0 -4 -2 -15 -5 -16 -6 -16 -7 -16 -7 -17 -9 -17 -9 -17 -10 -17 -11 -17 -12 -17 -12 -17 -12 -18 -13 -18 -13 -17 -13 -17 -12 -17 -12 -17 -11 -17 -10 -18 -9 -19 -9 -20 -8 -20 -8 -22 -8 -22 -8 -23 -8 -23 -8 

Timestamp: 00:16:34:933
CSI Data: 28 -64 1 0 28 -13 27 -13 26 -13 25 -12 25 -13 25 -14 24 -14 24 -15 24 -16 23 -17 22 -17 22 -17 22 -17 23 -16 24 -16 23 -15 23 -13 23 -12 23 -11 22 -10 22 -9 22 -8 21 -7 20 -5 19 -3 4 -1 0 0 0 0 0 0 0 0 0 0 0 0 0 0 0 0 0 0 4 -3 18 -11 18 -9 20 -9 21 -8 22 -7 22 -6 22 -6 25 -5 28 -4 27 -5 25 -6 24 -7 26 -7 25 -4 27 -2 28 -4 27 -6 26 -6 26 -5 25 -5 25 -7 26 -10 28 -12 29 -13 29 -14 29 -13 

Timestamp: 00:16:34:986
CSI Data: 28 -64 1 0 3 30 3 29 4 28 4 28 4 28 5 27 6 26 6 26 8 26 9 26 9 25 9 25 9 26 8 26 8 27 7 27 6 27 5 26 3 25 2 24 1 23 0 22 0 22 -2 20 -3 20 -1 4 0 0 0 0 0 0 0 0 0 0 0 0 0 0 0 0 0 0 0 4 2 20 2 20 1 21 1 22 -1 23 -2 24 -3 24 -4 25 -5 25 -5 25 -5 26 -5 26 -5 26 -6 25 -5 25 -5 26 -4 25 -3 25 -2 26 -2 26 -1 26 0 27 1 28 2 30 4 30 4 30 

Timestamp: 00:16:35:086
CSI Data: 28 -64 1 0 10 -21 10 -22 9 -21 9 -21 8 -21 7 -21 7 -20 6 -20 5 -21 4 -22 3 -21 3 -21 3 -21 4 -21 5 -21 5 -21 6 -21 6 -20 6 -18 7 -17 7 -16 7 -16 7 -15 8 -14 9 -13 2 -4 0 0 0 0 0 0 0 0 0 0 0 0 0 0 0 0 0 0 1 -4 7 -15 8 -15 8 -15 9 -15 10 -15 11 -16 12 -15 13 -15 14 -15 14 -15 14 -15 15 -16 15 -15 15 -15 14 -15 14 -16 13 -16 13 -16 13 -17 13 -17 12 -18 12 -19 12 -20 11 -21 11 -22 10 -23 

Timestamp: 00:16:35:339
CSI Data: 28 -64 1 0 23 5 23 5 22 4 22 4 22 3 21 3 21 2 20 2 21 0 21 -1 21 -2 20 -2 21 -1 21 -1 21 0 21 0 21 1 20 2 19 2 18 3 17 3 16 3 16 3 15 4 14 5 3 1 0 0 0 0 0 0 0 0 0 0 0 0 0 0 0 0 0 0 4 0 17 3 18 3 18 4 19 5 19 7 19 8 19 9 19 10 19 11 19 11 20 11 20 11 19 11 19 11 19 11 19 11 19 10 19 9 19 9 20 9 21 9 21 8 22 7 24 6 25 5 25 5 

Timestamp: 00:16:35:390
CSI Data: 28 -64 1 0 7 -20 7 -20 7 -20 7 -19 6 -19 5 -19 4 -19 4 -18 3 -19 2 -20 2 -19 2 -19 2 -19 2 -19 3 -19 3 -19 3 -19 4 -18 4 -17 5 -16 5 -15 5 -15 6 -14 6 -13 7 -12 1 -3 0 0 0 0 0 0 0 0 0 0 0 0 0 0 0 0 0 0 1 -4 4 -16 5 -16 6 -16 7 -16 8 -16 9 -17 10 -17 11 -17 12 -17 12 -17 13 -17 13 -16 13 -16 13 -15 12 -16 12 -16 11 -16 11 -16 11 -17 10 -17 10 -18 10 -18 9 -19 9 -20 9 -21 8 -21 

Timestamp: 00:16:35:446
CSI Data: 28 -64 1 0 23 -3 23 -3 22 -3 22 -4 21 -4 21 -5 20 -5 20 -6 20 -7 19 -8 19 -8 19 -8 19 -8 20 -8 20 -8 19 -7 19 -6 19 -5 18 -5 18 -4 17 -3 16 -3 16 -2 16 -1 15 0 3 0 0 0 0 0 0 0 0 0 0 0 0 0 0 0 0 0 0 0 4 -1 17 -3 18 -2 19 -2 19 -1 20 0 20 1 21 2 21 3 22 4 22 4 22 4 22 4 22 4 22 5 22 5 21 4 21 3 21 3 21 2 22 2 22 1 22 0 23 0 24 -1 24 -3 25 -3 

Timestamp: 00:16:35:496
CSI Data: 28 -64 1 0 -10 21 -10 21 -9 21 -9 21 -9 20 -7 20 -6 20 -5 19 -4 20 -3 21 -3 20 -3 20 -3 21 -3 21 -4 21 -4 20 -5 20 -5 19 -6 18 -6 17 -6 16 -6 15 -6 15 -7 14 -8 13 -2 3 0 0 0 0 0 0 0 0 0 0 0 0 0 0 0 0 0 0 -2 4 -7 16 -8 17 -9 17 -10 17 -12 17 -13 17 -14 17 -15 17 -16 17 -16 17 -16 17 -17 17 -17 17 -17 16 -16 17 -16 17 -16 16 -15 17 -14 17 -13 18 -13 17 -13 18 -12 19 -12 21 -11 22 -11 22 

Timestamp: 00:16:35:809
CSI Data: 28 -64 1 0 -14 20 -13 20 -12 20 -12 19 -12 19 -11 18 -10 18 -9 19 -8 20 -7 21 -7 20 -7 20 -7 20 -8 20 -8 20 -8 20 -9 19 -9 18 -9 17 -10 16 -10 15 -10 14 -10 13 -10 12 -11 11 -3 2 0 0 0 0 0 0 0 0 0 0 0 0 0 0 0 0 0 0 -2 3 -9 15 -10 15 -11 16 -12 15 -13 15 -14 15 -15 15 -16 15 -17 14 -17 14 -17 15 -17 15 -17 15 -17 15 -18 15 -17 15 -17 15 -16 15 -16 15 -16 16 -15 16 -15 17 -15 18 -14 19 -14 21 -14 23 

Timestamp: 00:16:35:851
CSI Data: 28 -64 1 0 -11 9 -11 9 -11 9 -11 9 -11 9 -10 9 -9 9 -9 9 -8 10 -8 11 -7 11 -7 10 -8 11 -8 10 -8 10 -8 10 -9 10 -9 9 -9 8 -9 7 -9 7 -9 7 -8 6 -8 5 -9 5 -3 1 0 0 0 0 0 0 0 0 0 0 0 0 0 0 0 0 0 0 -2 2 -8 8 -8 7 -9 7 -10 7 -10 7 -11 6 -12 6 -12 5 -13 5 -13 5 -13 6 -13 6 -13 6 -13 5 -13 5 -13 6 -12 6 -12 6 -12 6 -12 6 -12 7 -12 7 -12 8 -12 9 -12 10 -12 10 

Timestamp: 00:16:35:905
CSI Data: 28 -64 1 0 -22 -12 -22 -12 -21 -12 -21 -11 -21 -11 -21 -10 -20 -9 -20 -8 -21 -7 -22 -6 -21 -5 -21 -5 -22 -6 -22 -7 -22 -7 -21 -7 -21 -8 -20 -9 -18 -9 -17 -9 -16 -9 -15 -9 -15 -9 -14 -9 -13 -10 -4 -3 0 0 0 0 0 0 0 0 0 0 0 0 0 0 0 0 0 0 -4 -2 -16 -9 -16 -10 -17 -10 -17 -11 -17 -12 -16 -14 -16 -15 -16 -16 -15 -17 -16 -17 -16 -17 -16 -17 -16 -17 -16 -17 -15 -17 -16 -17 -16 -16 -16 -15 -17 -15 -17 -15 -18 -15 -19 -14 -20 -14 -21 -13 -23 -13 -23 -13 

Timestamp: 00:16:36:060
CSI Data: 28 -64 1 0 18 -16 18 -16 17 -16 17 -15 16 -16 15 -16 14 -16 14 -16 13 -17 13 -18 12 -18 12 -19 12 -19 13 -18 13 -18 13 -18 14 -17 14 -16 13 -15 13 -14 13 -13 13 -12 13 -11 13 -10 14 -9 3 -2 0 0 0 0 0 0 0 0 0 0 0 0 0 0 0 0 0 0 3 -3 13 -12 14 -12 15 -11 16 -11 17 -10 18 -10 19 -9 20 -9 20 -8 20 -8 21 -8 21 -8 21 -8 21 -8 21 -8 20 -8 20 -9 19 -9 19 -10 19 -11 19 -11 19 -12 19 -13 19 -14 19 -16 19 -17 

Timestamp: 00:16:36:111
CSI Data: 28 -64 1 0 6 31 6 31 6 29 7 29 7 28 8 28 9 27 10 26 11 25 13 25 13 25 13 25 13 26 12 26 12 27 12 26 11 27 9 26 8 25 7 24 5 23 4 23 4 22 2 22 1 21 0 5 0 0 0 0 0 0 0 0 0 0 0 0 0 0 0 0 0 0 1 5 4 23 4 23 3 24 2 25 1 26 -1 27 -2 28 -3 28 -4 28 -4 28 -4 29 -4 30 -4 29 -4 29 -5 29 -4 29 -3 28 -2 28 -1 28 0 29 1 29 2 29 3 30 5 31 6 32 7 32 

Timestamp: 00:16:36:211
CSI Data: 28 -64 1 0 10 21 10 21 10 20 10 20 11 19 11 18 12 18 12 17 13 17 14 17 13 16 13 16 14 16 14 17 14 17 13 17 13 18 12 17 10 17 9 16 8 16 7 16 6 16 5 15 4 15 1 3 0 0 0 0 0 0 0 0 0 0 0 0 0 0 0 0 0 0 2 3 7 16 7 16 7 17 6 18 5 18 4 20 4 21 3 21 3 21 2 22 2 22 2 23 1 22 2 22 2 22 3 22 3 21 3 20 4 21 5 21 6 21 7 21 8 21 8 22 10 22 11 22 

Timestamp: 00:16:36:262
CSI Data: 28 -64 1 0 24 -4 23 -4 23 -4 22 -5 22 -5 21 -6 21 -6 20 -7 20 -8 20 -9 20 -9 20 -9 20 -9 21 -9 21 -8 21 -8 21 -7 21 -6 20 -5 19 -4 18 -3 17 -2 17 -2 17 0 16 1 4 0 0 0 0 0 0 0 0 0 0 0 0 0 0 0 0 0 0 0 4 -1 17 -4 17 -3 18 -3 19 -2 20 -1 20 0 21 1 21 2 21 3 21 3 22 3 22 3 22 4 22 4 21 4 21 3 21 2 21 1 21 1 22 0 22 0 22 -1 23 -1 24 -3 25 -4 25 -4 

Timestamp: 00:16:36:315
CSI Data: 28 -64 1 0 -1 31 -1 31 0 30 0 30 1 29 2 29 3 28 4 27 5 28 7 28 7 27 7 28 7 28 7 29 6 29 6 29 4 29 3 28 2 27 1 26 -1 25 -1 24 -2 24 -3 23 -4 22 -2 5 0 0 0 0 0 0 0 0 0 0 0 0 0 0 0 0 0 0 -1 5 -1 23 -2 24 -3 24 -4 24 -5 25 -7 26 -9 26 -10 27 -11 27 -11 26 -11 27 -11 27 -12 27 -12 26 -11 26 -10 27 -9 27 -8 26 -8 27 -7 27 -7 28 -6 28 -5 29 -3 31 -1 32 -1 32 

Timestamp: 00:16:36:465
CSI Data: 28 -64 1 0 -23 -9 -22 -9 -22 -9 -22 -9 -22 -7 -22 -6 -21 -6 -21 -5 -22 -5 -23 -4 -22 -4 -22 -3 -22 -3 -23 -4 -23 -4 -22 -4 -22 -5 -21 -6 -20 -6 -19 -7 -18 -7 -17 -8 -16 -8 -15 -8 -14 -9 -4 -3 0 0 0 0 0 0 0 0 0 0 0 0 0 0 0 0 0 0 -5 -2 -17 -8 -17 -9 -17 -10 -18 -11 -17 -12 -17 -13 -17 -14 -16 -15 -16 -16 -16 -16 -17 -17 -16 -17 -16 -17 -16 -16 -16 -16 -17 -15 -16 -15 -16 -14 -17 -14 -18 -13 -19 -12 -20 -12 -21 -12 -22 -12 -23 -11 -23 -11 

Timestamp: 00:16:36:516
CSI Data: 28 -64 1 0 -2 -14 -3 -13 -2 -13 -2 -13 -2 -13 -3 -12 -3 -12 -3 -12 -4 -12 -4 -12 -5 -12 -5 -12 -5 -12 -5 -12 -4 -12 -4 -12 -4 -12 -3 -12 -3 -11 -2 -11 -2 -11 -1 -10 -1 -10 0 -10 0 -10 0 -3 0 0 0 0 0 0 0 0 0 0 0 0 0 0 0 0 0 0 -1 -3 -2 -10 -1 -10 -1 -11 -1 -11 0 -11 1 -12 1 -12 1 -12 2 -12 2 -12 2 -12 3 -12 3 -12 3 -12 2 -12 2 -12 2 -12 1 -12 1 -12 1 -12 1 -12 0 -13 0 -13 -1 -13 -1 -14 -1 -14 

Timestamp: 00:16:36:568
CSI Data: 28 -64 1 0 -25 2 -25 2 -24 2 -23 2 -23 3 -22 4 -22 4 -21 5 -21 6 -22 7 -21 7 -21 7 -22 7 -22 6 -23 6 -22 6 -22 5 -22 4 -21 3 -20 2 -19 1 -18 0 -18 0 -18 -1 -17 -3 -5 -1 0 0 0 0 0 0 0 0 0 0 0 0 0 0 0 0 0 0 -5 0 -18 2 -19 1 -20 1 -21 0 -21 -1 -22 -2 -22 -3 -22 -4 -22 -5 -22 -5 -23 -5 -23 -5 -23 -6 -23 -6 -23 -6 -22 -5 -22 -5 -22 -4 -22 -3 -23 -3 -23 -2 -23 -1 -24 -1 -25 1 -26 2 -26 2 

Timestamp: 00:16:36:618
CSI Data: 28 -64 1 0 15 -2 15 -3 14 -3 14 -3 13 -3 13 -3 13 -4 12 -4 13 -5 13 -5 12 -5 12 -5 13 -5 13 -5 14 -5 13 -5 13 -4 13 -3 12 -3 12 -2 11 -2 11 -1 11 -1 10 0 10 1 2 0 0 0 0 0 0 0 0 0 0 0 0 0 0 0 0 0 0 0 2 -1 10 -2 11 -1 11 -1 12 -1 12 0 12 1 13 1 13 2 13 2 13 2 13 3 13 3 13 3 13 3 13 3 13 2 13 2 13 1 13 1 14 1 14 0 14 0 14 -1 15 -1 15 -2 16 -2 

Timestamp: 00:16:36:670
CSI Data: 28 -64 1 0 8 10 8 10 8 10 7 10 8 9 8 9 8 8 8 8 8 7 9 7 9 7 9 7 9 7 9 8 9 8 9 8 9 8 8 9 7 8 6 8 6 8 5 8 5 8 4 8 4 8 0 2 0 0 0 0 0 0 0 0 0 0 0 0 0 0 0 0 0 0 1 1 6 7 6 7 5 8 5 8 5 9 5 10 4 10 4 11 4 11 4 11 4 11 4 11 4 11 4 11 4 11 4 11 4 10 4 10 5 10 5 11 5 10 6 10 7 11 8 10 8 10 9 10 

Timestamp: 00:16:36:720
CSI Data: 28 -64 1 0 23 -3 23 -3 22 -3 22 -4 21 -4 21 -5 20 -5 19 -6 19 -7 20 -8 19 -8 19 -8 19 -8 20 -8 20 -8 20 -7 20 -6 20 -5 19 -4 18 -3 17 -3 17 -2 16 -2 16 0 16 1 4 0 0 0 0 0 0 0 0 0 0 0 0 0 0 0 0 0 0 0 3 -1 16 -2 16 -1 17 -1 18 0 18 1 19 2 19 3 19 4 19 4 20 5 20 5 21 5 20 5 20 5 20 5 20 4 20 4 20 3 20 3 20 2 20 2 21 1 21 0 22 -1 23 -3 24 -3 

Timestamp: 00:16:36:772
CSI Data: 28 -64 1 0 15 22 15 21 15 20 15 19 15 18 15 17 15 17 15 16 16 16 18 15 18 14 18 14 18 14 18 15 18 16 18 16 17 17 15 17 14 16 12 16 11 15 10 15 10 15 9 15 8 16 1 4 0 0 0 0 0 0 0 0 0 0 0 0 0 0 0 0 0 0 2 3 9 15 9 15 9 16 9 17 8 18 7 20 6 20 6 21 5 22 5 22 6 23 6 23 5 23 5 22 5 22 6 22 6 21 7 21 8 21 9 22 10 21 11 21 12 21 14 22 15 22 15 22 

Timestamp: 00:16:36:823
CSI Data: 28 -64 1 0 13 5 13 4 12 4 12 4 12 4 12 4 12 3 12 3 12 2 13 2 12 1 12 2 12 2 13 2 13 2 12 3 12 3 12 4 11 4 10 4 9 4 9 4 9 5 8 5 7 5 1 1 0 0 0 0 0 0 0 0 0 0 0 0 0 0 0 0 0 0 2 0 9 2 9 3 9 3 9 4 9 5 9 5 9 6 9 7 9 7 9 7 10 7 10 7 9 7 9 7 9 7 9 7 9 7 9 6 10 6 10 6 11 6 11 6 11 6 12 6 13 5 13 5 

Timestamp: 00:16:36:878
CSI Data: 28 -64 1 0 4 -27 4 -26 3 -25 3 -25 3 -25 2 -25 1 -24 0 -24 -1 -24 -2 -25 -3 -24 -3 -24 -2 -25 -2 -25 -1 -25 -1 -25 0 -24 1 -24 2 -22 3 -21 3 -20 4 -20 4 -19 5 -18 6 -17 1 -5 0 0 0 0 0 0 0 0 0 0 0 0 0 0 0 0 0 0 0 -5 2 -19 3 -19 4 -20 5 -20 6 -20 7 -21 8 -21 9 -21 10 -21 10 -21 10 -22 11 -22 11 -21 11 -21 11 -21 10 -21 9 -21 9 -21 8 -22 8 -22 8 -23 7 -24 6 -25 5 -26 4 -27 4 -28 

Timestamp: 00:16:36:931
CSI Data: 28 -64 1 0 12 16 13 16 12 15 12 15 13 14 13 13 13 13 13 12 14 12 15 11 14 11 14 10 15 11 15 12 15 12 14 12 14 13 13 13 12 12 11 12 9 12 9 12 8 12 7 12 6 12 1 3 0 0 0 0 0 0 0 0 0 0 0 0 0 0 0 0 0 0 2 2 8 11 8 12 8 12 8 13 8 14 7 15 6 16 6 17 6 17 6 17 6 18 6 18 6 18 5 17 6 17 6 17 6 17 6 16 7 16 8 16 9 16 9 16 10 16 12 17 13 16 13 16 

Timestamp: 00:16:36:977
CSI Data: 28 -64 1 0 22 -14 21 -14 20 -14 20 -14 20 -14 19 -15 18 -15 17 -15 17 -16 17 -17 16 -17 16 -17 17 -17 17 -17 18 -17 18 -16 18 -15 18 -14 18 -12 17 -11 17 -10 17 -9 17 -9 16 -7 16 -6 4 -2 0 0 0 0 0 0 0 0 0 0 0 0 0 0 0 0 0 0 3 -3 14 -11 15 -10 16 -10 17 -10 18 -9 19 -8 20 -7 21 -7 21 -6 21 -6 22 -6 23 -6 22 -6 22 -6 22 -6 22 -6 21 -7 20 -7 21 -8 21 -9 21 -9 22 -10 22 -11 22 -13 22 -14 22 -15 

Timestamp: 00:16:37:134
CSI Data: 28 -64 1 0 -13 22 -12 22 -11 21 -11 21 -11 21 -10 21 -9 21 -8 20 -7 21 -7 22 -6 22 -6 22 -7 22 -7 22 -8 22 -8 22 -9 21 -10 20 -10 18 -10 17 -10 16 -10 16 -11 15 -11 14 -12 13 -3 3 0 0 0 0 0 0 0 0 0 0 0 0 0 0 0 0 0 0 -2 3 -8 15 -9 15 -10 15 -11 16 -12 16 -13 16 -14 15 -15 15 -16 15 -16 15 -17 16 -17 16 -17 15 -17 15 -16 15 -16 15 -15 15 -15 16 -15 17 -15 17 -14 18 -14 18 -13 20 -13 21 -13 23 -12 23 

Timestamp: 00:16:37:182
CSI Data: 28 -64 1 0 -9 13 -9 12 -8 12 -8 12 -7 12 -6 12 -6 12 -6 12 -5 13 -4 13 -4 13 -4 13 -4 14 -5 14 -5 13 -5 13 -6 13 -6 12 -6 11 -6 11 -6 10 -6 9 -6 9 -7 8 -7 8 -2 2 0 0 0 0 0 0 0 0 0 0 0 0 0 0 0 0 0 0 -2 2 -7 8 -7 8 -8 8 -8 8 -9 8 -9 8 -10 8 -10 8 -11 8 -11 8 -11 8 -12 8 -12 8 -12 7 -11 8 -11 8 -10 8 -10 8 -10 9 -10 9 -10 10 -10 11 -9 11 -8 12 -8 13 -8 14 

Timestamp: 00:16:37:338
CSI Data: 30 -32 1 0 -14 -24 -13 -23 -14 -21 -14 -20 -14 -19 -15 -18 -15 -18 -16 -17 -16 -17 -16 -16 -17 -16 -17 -15 -17 -15 -17 -15 -17 -16 -16 -16 -16 -15 -16 -14 -16 -14 -15 -15 -14 -16 -14 -16 -13 -16 -12 -15 -11 -15 -3 -4 0 0 0 0 0 0 0 0 0 0 0 0 0 0 0 0 0 0 -3 -5 -11 -20 -10 -21 -10 -23 -9 -24 -8 -23 -7 -23 -7 -23 -7 -24 -7 -25 -6 -26 -5 -26 -5 -26 -4 -27 -4 -26 -5 -26 -5 -26 -5 -25 -6 -24 -7 -22 -9 -22 -10 -23 -10 -23 -11 -24 -11 -25 -11 -25 -11 -24 

Timestamp: 00:16:37:338
CSI Data: 30 -32 1 0 9 24 10 23 11 22 11 22 10 22 10 20 10 19 10 18 11 18 12 18 13 17 13 16 14 17 14 17 14 17 13 17 13 17 12 17 11 17 10 17 10 18 9 17 8 17 7 17 6 16 1 4 0 0 0 0 0 0 0 0 0 0 0 0 0 0 0 0 0 0 2 4 10 19 9 20 8 22 7 22 6 23 5 23 3 23 3 23 2 24 2 25 3 26 3 25 3 25 3 25 3 24 3 25 4 24 5 23 5 23 5 23 6 22 6 23 7 23 9 24 9 25 9 25 

Timestamp: 00:16:37:338
CSI Data: 30 -32 1 0 13 -22 13 -23 12 -22 11 -21 11 -20 10 -21 9 -21 8 -21 7 -21 6 -22 5 -21 5 -22 5 -22 6 -22 6 -22 6 -22 6 -21 6 -20 7 -20 7 -20 7 -19 7 -19 8 -19 9 -18 10 -16 2 -4 0 0 0 0 0 0 0 0 0 0 0 0 0 0 0 0 0 0 2 -6 12 -20 13 -19 15 -19 16 -18 16 -17 17 -16 18 -16 19 -16 19 -16 19 -16 20 -17 20 -18 20 -17 19 -17 18 -17 19 -17 18 -17 17 -17 17 -18 16 -18 16 -18 15 -19 15 -20 15 -22 15 -23 15 -22 

Timestamp: 00:16:37:344
CSI Data: 30 -32 1 0 -24 -6 -24 -5 -22 -3 -22 -3 -22 -4 -21 -4 -21 -3 -21 -2 -20 -2 -20 -1 -20 0 -20 1 -20 0 -20 -1 -20 -2 -20 -2 -19 -3 -19 -3 -19 -4 -19 -4 -18 -5 -18 -6 -17 -6 -16 -6 -16 -7 -4 -2 0 0 0 0 0 0 0 0 0 0 0 0 0 0 0 0 0 0 -5 1 -19 5 -21 4 -22 2 -23 1 -23 -1 -25 -2 -24 -2 -22 -3 -22 -4 -25 -2 -25 2 -23 1 -25 -2 -27 -2 -31 -5 -33 -6 -25 -5 -23 -7 -29 -8 -28 -5 -20 -4 -16 -5 -15 -7 -19 -8 -22 -8 -23 -8 

Timestamp: 00:16:37:354
CSI Data: 30 -32 1 0 26 1 26 0 25 -1 24 -2 24 -2 23 -2 22 -3 21 -4 21 -5 21 -6 20 -7 20 -8 21 -7 21 -7 21 -7 21 -7 21 -7 20 -6 19 -5 19 -5 19 -4 19 -3 19 -3 18 -2 18 -1 4 -1 0 0 0 0 0 0 0 0 0 0 0 0 0 0 0 0 0 0 5 -1 22 -1 22 1 23 2 23 3 23 5 23 5 23 6 22 7 23 7 24 7 24 8 24 8 24 8 24 8 24 7 24 7 24 6 23 6 23 5 24 5 24 4 24 3 24 3 25 2 27 2 27 2 

Timestamp: 00:16:37:387
CSI Data: 28 -64 1 0 22 -10 21 -11 21 -11 21 -11 20 -11 19 -12 19 -12 18 -12 19 -13 19 -14 18 -14 17 -13 18 -14 18 -15 19 -15 19 -14 19 -13 19 -12 18 -11 18 -10 17 -9 17 -8 17 -6 17 -5 17 -3 4 -1 0 0 0 0 0 0 0 0 0 0 0 0 0 0 0 0 0 0 4 -2 16 -6 16 -5 17 -5 18 -5 18 -4 18 -3 19 -2 20 -2 20 -1 21 0 21 1 21 1 21 1 21 0 21 0 20 -2 20 -3 20 -3 20 -4 21 -5 21 -6 21 -6 22 -6 23 -7 23 -8 23 -9 

Timestamp: 00:16:37:696
CSI Data: 28 -64 1 0 -14 17 -14 17 -13 16 -13 16 -13 16 -12 16 -11 16 -11 16 -10 17 -10 18 -10 18 -9 17 -9 18 -9 18 -10 18 -11 18 -11 17 -12 16 -12 15 -12 14 -12 13 -12 12 -12 11 -12 10 -13 9 -4 2 0 0 0 0 0 0 0 0 0 0 0 0 0 0 0 0 0 0 -3 2 -11 10 -11 10 -12 10 -13 10 -14 10 -14 10 -15 9 -16 9 -17 9 -18 9 -18 9 -18 8 -17 8 -17 8 -17 8 -16 9 -16 10 -15 10 -15 10 -15 11 -15 12 -15 13 -16 14 -15 15 -15 16 -15 16 

Timestamp: 00:16:38:004
CSI Data: 28 -64 1 0 16 -22 16 -22 15 -21 15 -21 14 -21 13 -21 13 -21 12 -21 11 -22 10 -23 10 -23 10 -23 10 -23 11 -23 11 -23 12 -22 12 -21 13 -20 13 -18 13 -17 13 -16 13 -15 13 -14 14 -13 14 -12 3 -3 0 0 0 0 0 0 0 0 0 0 0 0 0 0 0 0 0 0 2 -4 10 -14 11 -14 12 -14 12 -14 14 -14 15 -13 16 -13 17 -13 17 -13 17 -13 18 -13 18 -14 18 -13 19 -13 19 -13 18 -14 17 -14 17 -14 17 -15 17 -16 17 -17 16 -17 16 -19 16 -20 16 -22 16 -23 

Timestamp: 00:16:38:055
CSI Data: 28 -64 1 0 -8 12 -8 12 -8 12 -8 12 -8 11 -7 11 -7 11 -6 11 -6 12 -5 12 -5 12 -5 12 -5 12 -5 12 -6 12 -6 12 -6 12 -7 11 -7 10 -7 9 -7 9 -7 8 -7 8 -7 7 -8 6 -2 1 0 0 0 0 0 0 0 0 0 0 0 0 0 0 0 0 0 0 -2 1 -6 7 -6 7 -6 7 -7 7 -7 7 -8 7 -9 7 -9 7 -9 7 -10 7 -10 7 -10 7 -10 7 -10 7 -10 7 -9 7 -9 7 -9 8 -9 8 -9 9 -9 9 -9 9 -9 10 -8 11 -8 11 -8 12 

Timestamp: 00:16:38:105
CSI Data: 28 -64 1 0 -20 -10 -20 -9 -20 -9 -19 -9 -19 -8 -19 -8 -19 -7 -19 -7 -20 -6 -20 -6 -20 -5 -20 -5 -20 -5 -20 -6 -20 -6 -20 -6 -19 -7 -19 -8 -18 -8 -17 -8 -15 -8 -14 -9 -14 -9 -13 -10 -12 -10 -3 -3 0 0 0 0 0 0 0 0 0 0 0 0 0 0 0 0 0 0 -3 -2 -12 -7 -13 -8 -13 -8 -13 -9 -13 -10 -13 -11 -13 -11 -13 -12 -13 -12 -13 -13 -13 -13 -13 -14 -13 -13 -13 -13 -13 -13 -14 -13 -14 -12 -14 -12 -15 -12 -16 -11 -16 -11 -17 -11 -18 -11 -19 -10 -20 -10 -20 -10 

Timestamp: 00:16:38:158
CSI Data: 28 -64 1 0 20 16 20 16 20 15 20 14 20 14 20 13 20 12 20 12 21 11 21 10 21 10 21 10 22 10 22 11 22 11 21 12 20 12 19 13 18 13 17 13 15 13 14 13 13 13 12 14 11 14 2 3 0 0 0 0 0 0 0 0 0 0 0 0 0 0 0 0 0 0 3 2 13 10 13 11 13 12 13 12 13 13 12 15 12 16 12 17 12 17 12 18 12 18 12 19 12 19 12 19 12 18 13 18 13 17 13 17 14 17 15 17 16 16 17 16 18 16 19 17 20 16 21 16 

Timestamp: 00:16:38:207
CSI Data: 28 -64 1 0 -2 -22 -2 -22 -2 -21 -2 -21 -3 -21 -3 -20 -4 -20 -4 -19 -5 -20 -6 -20 -6 -20 -6 -20 -6 -20 -6 -20 -5 -21 -5 -20 -4 -20 -3 -20 -3 -19 -2 -18 -1 -17 0 -17 0 -16 1 -16 2 -15 0 -4 0 0 0 0 0 0 0 0 0 0 0 0 0 0 0 0 0 0 -1 -4 0 -14 0 -15 1 -15 1 -15 2 -16 3 -16 3 -17 4 -17 4 -17 5 -17 5 -18 5 -18 5 -18 5 -18 5 -18 4 -18 3 -18 3 -18 3 -18 2 -19 2 -19 1 -20 1 -21 0 -21 -1 -22 -2 -23 

Timestamp: 00:16:38:258
CSI Data: 28 -64 1 0 -22 2 -22 3 -21 3 -21 3 -21 3 -20 4 -20 3 -19 4 -19 5 -19 6 -19 6 -19 6 -19 6 -20 5 -20 5 -20 5 -20 4 -19 3 -19 2 -18 1 -17 0 -17 0 -17 -1 -16 -2 -15 -3 -4 -1 0 0 0 0 0 0 0 0 0 0 0 0 0 0 0 0 0 0 -4 0 -14 1 -14 1 -15 0 -15 0 -16 -1 -16 -2 -16 -2 -17 -3 -17 -4 -18 -4 -18 -4 -18 -4 -18 -4 -18 -4 -18 -4 -19 -4 -18 -3 -18 -3 -18 -2 -18 -2 -19 -1 -20 0 -21 1 -22 2 -22 3 -22 3 

Timestamp: 00:16:38:310
CSI Data: 28 -64 1 0 -21 -16 -21 -16 -21 -15 -20 -15 -20 -15 -21 -14 -21 -13 -20 -13 -21 -12 -22 -11 -22 -11 -23 -11 -23 -11 -23 -12 -23 -12 -22 -12 -22 -13 -20 -14 -19 -14 -18 -14 -16 -14 -15 -14 -14 -14 -13 -15 -12 -16 -3 -4 0 0 0 0 0 0 0 0 0 0 0 0 0 0 0 0 0 0 -3 -3 -12 -12 -12 -12 -13 -13 -13 -13 -12 -14 -12 -16 -12 -17 -11 -17 -11 -18 -11 -18 -11 -19 -11 -19 -11 -19 -12 -19 -12 -19 -13 -18 -13 -18 -14 -17 -14 -17 -15 -17 -16 -17 -17 -17 -18 -17 -19 -17 -21 -17 -21 -17 

Timestamp: 00:16:38:361
CSI Data: 28 -64 1 0 -15 21 -15 21 -15 20 -14 20 -14 20 -13 20 -12 20 -12 20 -11 21 -11 22 -10 22 -10 22 -11 22 -11 22 -12 22 -12 22 -13 21 -13 20 -13 18 -14 17 -14 15 -14 14 -14 14 -15 12 -15 11 -4 2 0 0 0 0 0 0 0 0 0 0 0 0 0 0 0 0 0 0 -3 3 -10 12 -11 12 -12 12 -12 12 -13 12 -15 12 -15 12 -16 12 -17 12 -17 12 -18 12 -18 12 -18 12 -18 11 -18 12 -17 13 -16 13 -16 13 -16 14 -16 15 -16 16 -16 17 -16 18 -16 19 -16 21 -15 21 

Timestamp: 00:16:38:412
CSI Data: 28 -64 1 0 -2 25 -2 25 -2 24 -1 24 -1 24 0 23 0 23 1 22 2 23 4 23 4 23 4 23 4 24 3 24 3 24 2 24 1 24 0 23 -1 22 -2 21 -3 20 -3 19 -3 19 -4 18 -6 17 -2 4 0 0 0 0 0 0 0 0 0 0 0 0 0 0 0 0 0 0 -1 3 -3 15 -4 16 -4 16 -5 17 -6 17 -7 17 -8 18 -9 18 -9 18 -9 18 -9 19 -9 19 -9 19 -9 19 -9 19 -9 19 -8 19 -7 19 -7 20 -7 20 -6 21 -5 22 -4 23 -3 24 -2 25 -1 26 

Timestamp: 00:16:38:463
CSI Data: 28 -64 1 0 4 24 4 24 4 23 4 22 5 22 6 21 6 21 7 20 8 20 8 21 8 20 8 20 9 21 9 21 8 21 8 21 7 21 6 21 5 20 4 19 3 19 2 18 1 18 0 18 -1 17 -1 4 0 0 0 0 0 0 0 0 0 0 0 0 0 0 0 0 0 0 0 4 1 16 1 16 1 17 0 17 -1 18 -2 19 -3 19 -3 19 -4 20 -4 20 -4 20 -5 21 -5 20 -5 20 -4 20 -4 20 -3 20 -2 20 -2 20 -1 21 0 21 1 22 1 22 2 23 3 24 4 25 

Timestamp: 00:16:38:513
CSI Data: 28 -64 1 0 7 12 7 12 7 11 7 11 7 11 8 10 8 10 8 9 9 9 9 9 9 9 9 9 9 9 9 10 9 10 8 10 8 10 7 10 7 10 6 10 5 9 5 9 4 9 4 9 3 9 0 2 0 0 0 0 0 0 0 0 0 0 0 0 0 0 0 0 0 0 1 2 5 8 4 8 4 8 4 9 4 9 3 10 3 11 3 11 3 11 2 11 3 12 3 12 3 12 2 11 2 11 3 11 3 11 3 11 4 11 4 11 4 11 5 11 6 12 7 12 8 11 8 11 

Timestamp: 00:16:38:564
CSI Data: 28 -64 1 0 10 -10 10 -10 9 -10 9 -10 9 -10 9 -10 8 -10 8 -10 7 -11 7 -12 7 -11 7 -11 7 -12 7 -12 8 -12 8 -12 8 -11 8 -10 8 -10 8 -9 8 -8 8 -8 8 -7 8 -6 8 -6 2 -2 0 0 0 0 0 0 0 0 0 0 0 0 0 0 0 0 0 0 1 -2 7 -6 8 -6 8 -6 9 -6 9 -5 10 -5 10 -5 10 -5 10 -5 11 -5 11 -4 12 -4 12 -4 12 -4 11 -4 11 -5 10 -5 10 -5 10 -6 11 -7 11 -7 11 -8 10 -8 11 -9 11 -10 11 -10 

